0	0	1
1	1	1
1	1414	1
1	1506	1
2	2	1
2	1601	1
3	3	1
4	4	8
4	684	3
4	1141	3
5	5	1
6	6	1
7	7	4
7	808	1
7	870	1
7	871	1
7	949	1
7	950	1
8	8	1
9	9	1
10	10	2
11	11	9
11	541	2
11	1512	1
12	12	1
13	13	4
13	550	2
13	665	1
13	1239	2
14	14	1
14	1150	1
15	15	1
16	16	1
17	17	5
17	161	1
17	232	1
17	1676	1
18	18	1
19	19	1
20	20	2
20	787	1
21	21	16
21	500	6
21	991	1
21	1289	4
22	22	1
23	23	2
24	24	4
25	25	1
26	26	2
26	276	1
26	670	1
27	27	1
28	28	1
29	29	1
30	30	1
30	321	1
30	1003	1
30	1006	1
30	1159	1
31	31	1
32	32	6
32	813	3
33	33	16
33	792	1
33	1153	4
33	1154	1
33	1206	8
33	1245	2
33	1270	2
33	1487	1
34	34	2
34	845	1
34	1417	1
35	35	4
35	298	3
36	36	2
37	37	2
37	148	1
37	203	1
37	870	1
37	1628	1
38	38	14
38	39	13
38	397	1
39	38	13
39	39	22
39	53	1
39	201	1
39	244	1
39	397	1
40	40	10
40	203	1
40	477	1
41	41	3
41	134	1
42	42	9
42	395	1
42	523	1
43	43	2
44	44	1
44	593	1
45	45	5
45	49	4
45	50	3
45	341	1
46	46	2
46	114	1
46	115	1
47	47	3
48	48	4
48	530	2
49	45	4
49	49	5
49	50	3
49	341	1
50	45	3
50	49	3
50	50	5
50	203	1
50	341	1
50	477	1
51	51	3
52	52	1
52	832	1
53	39	1
53	53	7
53	175	1
53	244	1
53	394	2
53	402	1
54	54	8
54	502	1
54	548	1
54	937	1
54	1163	1
54	1261	7
54	1572	1
55	55	1
56	56	1
57	57	2
57	317	2
58	58	1
58	59	1
59	58	1
59	59	3
59	1615	2
60	60	1
60	962	1
61	61	1
62	62	5
62	248	2
62	464	1
63	63	3
64	64	1
65	65	1
66	66	1
66	1814	1
67	67	8
67	410	6
67	454	1
67	478	1
67	1193	1
67	1316	5
68	68	1
69	69	1
69	125	1
69	126	1
70	70	3
70	1083	1
71	71	5
71	563	3
71	692	2
72	72	3
72	1717	2
73	73	1
74	74	8
74	1121	1
75	75	3
75	225	1
75	335	1
76	76	41
76	86	7
76	91	1
76	159	1
76	333	2
76	550	3
76	691	11
76	739	8
76	930	4
76	953	2
76	954	1
76	1186	2
76	1406	1
76	1422	2
76	1423	3
76	1650	1
77	77	1
78	78	1
79	79	1
80	80	1
81	81	2
82	82	1
82	935	1
83	83	2
83	84	1
84	83	1
84	84	1
85	85	1
85	588	1
86	76	7
86	86	7
86	159	1
86	333	1
86	550	1
86	930	4
86	953	2
86	954	1
86	1186	2
86	1650	1
87	87	2
88	88	2
88	530	2
88	1283	2
88	1416	1
89	89	1
90	90	3
90	97	1
90	691	2
90	729	1
90	739	1
91	76	1
91	91	2
91	691	1
92	92	6
92	1160	1
93	93	2
93	1770	1
94	94	3
94	148	3
94	203	1
94	808	2
94	870	3
94	949	1
95	95	2
95	783	2
96	96	1
97	90	1
97	97	13
97	691	3
97	692	3
97	739	4
97	922	2
97	986	1
97	1246	2
97	1332	2
97	1451	2
98	98	1
98	760	1
98	1236	1
98	1316	1
99	99	3
99	808	1
99	1791	1
99	1873	1
100	100	12
100	127	2
100	128	1
100	957	2
100	1037	2
100	1303	2
101	101	4
101	389	1
101	390	1
101	753	2
102	102	1
103	103	3
103	550	1
104	104	7
104	983	2
104	1112	1
104	1431	1
105	105	1
105	111	1
106	106	3
107	107	4
107	769	3
108	108	2
108	528	2
108	550	2
109	109	8
109	533	1
109	534	1
109	1401	1
110	110	3
111	105	1
111	111	1
112	112	3
113	113	4
113	772	3
114	46	1
114	114	1
114	115	1
115	46	1
115	114	1
115	115	14
115	116	9
116	115	9
116	116	9
117	117	1
117	1724	1
117	1725	1
118	118	3
118	675	2
118	740	3
118	1387	2
119	119	1
120	120	1
121	121	1
121	254	1
122	122	1
122	136	1
123	123	6
123	454	1
123	674	2
123	740	1
123	861	1
123	1116	1
123	1681	1
123	1775	1
123	1852	1
124	124	3
124	661	2
125	69	1
125	125	2
125	126	2
125	203	1
125	574	1
125	871	1
126	69	1
126	125	2
126	126	7
126	203	3
126	574	5
126	808	3
126	871	4
126	949	1
127	100	2
127	127	2
127	1037	2
128	100	1
128	128	1
129	129	1
130	130	1
131	131	1
132	132	1
133	133	1
134	41	1
134	134	5
134	512	2
135	135	2
135	973	2
135	1233	2
136	122	1
136	136	1
137	137	7
137	142	1
137	1511	4
138	138	5
138	1056	1
138	1215	1
138	1338	2
138	1443	1
138	1574	1
139	139	2
140	140	6
141	141	1
142	137	1
142	142	12
142	664	8
142	731	1
143	143	2
144	144	1
144	808	1
144	1176	1
145	145	1
146	146	2
146	781	1
147	147	2
148	37	1
148	94	3
148	148	7
148	203	4
148	808	4
148	870	7
148	871	2
148	949	3
148	1628	2
149	149	2
150	150	6
150	410	3
150	1228	3
150	1316	3
150	1667	2
151	151	4
151	968	4
151	978	4
152	152	2
152	668	2
153	153	6
153	1302	1
154	154	1
154	232	1
154	254	1
155	155	2
155	746	2
156	156	3
156	758	2
157	157	4
157	470	3
157	471	2
157	508	1
158	158	1
158	233	1
159	76	1
159	86	1
159	159	2
159	691	1
159	739	1
159	930	1
159	954	1
160	160	6
160	1216	1
160	1684	1
161	17	1
161	161	4
161	706	1
162	162	2
162	346	1
163	163	2
164	164	4
165	165	1
165	844	1
166	166	2
166	651	2
167	167	1
167	691	1
167	808	1
167	1576	1
168	168	5
168	169	1
168	1050	2
169	168	1
169	169	2
170	170	3
170	171	1
170	172	2
171	170	1
171	171	5
171	172	1
171	227	3
172	170	2
172	171	1
172	172	5
173	173	2
174	174	1
174	175	1
175	53	1
175	174	1
175	175	7
175	402	1
176	176	7
176	177	6
177	176	6
177	177	8
177	345	1
178	178	2
179	179	2
180	180	1
181	181	1
181	426	1
182	182	3
183	183	3
184	184	1
185	185	1
186	186	4
186	214	1
187	187	8
188	188	5
189	189	2
190	190	1
191	191	2
192	192	3
193	193	4
193	612	1
193	968	3
193	978	1
193	979	1
194	194	5
194	373	2
195	195	1
195	196	1
196	195	1
196	196	1
197	197	4
197	198	4
197	199	2
198	197	4
198	198	6
198	199	2
199	197	2
199	198	2
199	199	4
200	200	9
200	204	7
200	502	1
200	1691	1
201	39	1
201	201	11
201	231	1
201	247	1
201	375	2
201	432	2
201	586	2
202	202	6
202	1746	3
203	37	1
203	40	1
203	50	1
203	94	1
203	125	1
203	126	3
203	148	4
203	203	30
203	272	3
203	442	5
203	477	2
203	528	1
203	574	3
203	691	2
203	808	5
203	864	2
203	870	5
203	871	3
203	949	1
203	1287	1
203	1613	1
203	1628	1
203	1630	1
203	1709	2
204	200	7
204	204	18
204	1691	1
205	205	9
205	206	2
205	932	1
205	1041	1
205	1759	1
205	1799	1
206	205	2
206	206	2
207	207	2
208	208	2
208	464	1
209	209	4
210	210	1
211	211	2
212	212	1
213	213	5
213	322	1
213	379	1
214	186	1
214	214	2
215	215	8
215	217	2
215	218	2
216	216	3
216	256	3
217	215	2
217	217	3
217	218	2
217	516	1
218	215	2
218	217	2
218	218	2
219	219	2
220	220	3
221	221	1
222	222	12
222	524	1
222	1244	2
222	1520	1
223	223	1
223	533	1
224	224	5
224	575	1
225	75	1
225	225	6
225	227	1
225	324	1
225	385	1
226	226	3
226	345	1
227	171	3
227	225	1
227	227	13
227	239	1
227	485	1
227	486	3
228	228	1
229	229	2
229	340	1
229	365	1
230	230	2
231	201	1
231	231	1
231	586	1
232	17	1
232	154	1
232	232	12
232	254	1
232	420	1
232	623	1
232	1734	1
233	158	1
233	233	8
233	234	2
233	235	2
233	241	4
234	233	2
234	234	3
234	235	2
234	340	1
235	233	2
235	234	2
235	235	2
236	236	2
237	237	17
237	320	1
237	422	4
237	423	3
237	597	1
237	608	1
237	1771	2
238	238	2
238	923	1
239	227	1
239	239	4
239	240	1
239	486	1
239	1535	1
240	239	1
240	240	3
240	556	1
241	233	4
241	241	10
241	416	1
242	242	3
242	550	2
243	243	2
244	39	1
244	53	1
244	244	1
245	245	4
245	246	2
246	245	2
246	246	2
247	201	1
247	247	1
248	62	2
248	248	2
249	249	2
249	250	1
250	249	1
250	250	2
250	865	1
251	251	1
252	252	3
253	253	1
254	121	1
254	154	1
254	232	1
254	254	28
254	606	2
254	919	4
254	1125	1
254	1255	3
254	1271	2
254	1275	1
254	1340	1
254	1484	1
254	1536	1
254	1856	1
255	255	5
255	342	1
255	520	3
256	216	3
256	256	3
257	257	2
257	258	1
258	257	1
258	258	1
259	259	2
260	260	2
261	261	4
262	262	1
263	263	1
264	264	2
264	890	1
264	1698	1
265	265	1
265	551	1
265	625	1
266	266	2
266	537	1
267	267	4
267	854	1
268	268	1
269	269	9
269	332	1
269	796	1
269	1067	1
269	1108	2
269	1170	7
269	1217	2
269	1397	1
269	1522	2
269	1819	1
270	270	3
271	271	1
272	203	3
272	272	3
272	442	1
273	273	7
273	418	3
273	781	1
273	1477	1
274	274	2
274	275	2
275	274	2
275	275	8
275	388	3
276	26	1
276	276	1
276	670	1
277	277	1
277	482	1
278	278	1
279	279	5
280	280	2
281	281	2
281	380	1
282	282	1
283	283	2
284	284	1
285	285	9
285	305	5
285	640	4
285	1727	2
285	1875	1
286	286	3
287	287	2
287	422	1
288	288	2
289	289	3
289	583	1
289	1418	2
290	290	2
291	291	5
291	1396	2
292	292	3
293	293	2
294	294	6
295	295	5
295	1805	1
296	296	2
297	297	17
297	610	3
297	807	4
298	35	3
298	298	6
299	299	2
299	1012	2
300	300	5
301	301	1
301	1425	1
302	302	2
303	303	4
303	386	2
304	304	1
305	285	5
305	305	6
305	640	4
305	808	1
306	306	2
307	307	1
308	308	2
309	309	1
310	310	1
311	311	1
312	312	1
313	313	8
313	314	2
313	1504	1
314	313	2
314	314	2
315	315	1
316	316	1
317	57	2
317	317	18
318	318	3
319	319	2
320	237	1
320	320	1
321	30	1
321	321	9
321	624	1
321	1003	1
321	1006	2
321	1159	1
321	1166	1
321	1537	1
322	213	1
322	322	1
323	323	1
324	225	1
324	324	4
324	440	2
325	325	1
326	326	4
326	327	2
327	326	2
327	327	2
328	328	3
328	395	1
328	536	1
329	329	1
330	330	5
331	331	3
332	269	1
332	332	12
332	1031	1
332	1170	1
332	1217	1
332	1469	3
332	1501	1
332	1522	1
332	1819	1
333	76	2
333	86	1
333	333	33
333	381	2
333	488	2
333	500	4
333	528	1
333	550	1
333	611	1
333	941	2
333	981	1
333	1063	5
333	1634	1
334	334	3
335	75	1
335	335	3
336	336	1
337	337	3
337	1175	1
338	338	3
338	349	1
338	468	1
338	547	1
339	339	1
340	229	1
340	234	1
340	340	8
341	45	1
341	49	1
341	50	1
341	341	1
342	255	1
342	342	2
342	520	1
343	343	4
344	344	2
344	415	1
345	177	1
345	226	1
345	345	15
346	162	1
346	346	5
347	347	1
348	348	2
349	338	1
349	349	1
350	350	1
351	351	1
352	352	1
353	353	3
354	354	1
354	359	1
355	355	2
356	356	6
356	392	1
356	557	2
356	892	1
357	357	7
357	648	2
357	1608	1
358	358	1
359	354	1
359	359	1
360	360	3
360	361	2
361	360	2
361	361	5
362	362	6
362	1397	1
362	1836	1
363	363	3
364	364	4
364	521	1
365	229	1
365	365	12
365	366	2
365	368	2
365	429	1
365	487	2
366	365	2
366	366	2
367	367	6
367	1430	1
368	365	2
368	368	2
369	369	5
369	659	1
370	370	2
371	371	2
372	372	1
373	194	2
373	373	2
374	374	1
375	201	2
375	375	3
376	376	4
376	377	1
376	1749	1
377	376	1
377	377	1
378	378	13
378	794	1
378	1723	1
378	1730	2
378	1804	1
379	213	1
379	379	4
379	511	2
380	281	1
380	380	2
381	333	2
381	381	7
381	500	7
381	991	1
381	1621	2
382	382	2
382	383	2
383	382	2
383	383	4
384	384	2
384	580	1
385	225	1
385	385	1
386	303	2
386	386	11
387	387	1
388	275	3
388	388	3
389	101	1
389	389	2
389	390	2
390	101	1
390	389	2
390	390	3
391	391	3
392	356	1
392	392	2
393	393	1
394	53	2
394	394	2
395	42	1
395	328	1
395	395	7
396	396	3
396	397	1
397	38	1
397	39	1
397	396	1
397	397	2
398	398	2
398	627	2
399	399	2
399	1252	1
400	400	4
401	401	1
402	53	1
402	175	1
402	402	2
403	403	1
403	404	1
404	403	1
404	404	7
405	405	2
405	406	2
406	405	2
406	406	2
407	407	2
408	408	2
409	409	2
410	67	6
410	150	3
410	410	27
410	478	3
410	692	1
410	922	1
410	1081	1
410	1228	3
410	1316	22
410	1457	1
410	1497	1
410	1563	2
410	1644	1
411	411	1
412	412	2
413	413	5
413	976	3
414	414	1
415	344	1
415	415	1
416	241	1
416	416	1
417	417	5
418	273	3
418	418	3
419	419	5
419	1171	4
420	232	1
420	420	2
420	1633	1
421	421	1
422	237	4
422	287	1
422	422	5
422	423	2
422	1771	1
423	237	3
423	422	2
423	423	4
424	424	1
425	425	5
426	181	1
426	426	1
427	427	5
427	1138	1
427	1163	1
427	1165	1
428	428	1
429	365	1
429	429	2
430	430	5
430	467	1
430	910	1
430	1590	3
431	431	1
431	527	1
432	201	2
432	432	3
433	433	2
434	434	3
435	435	1
436	436	4
437	437	13
437	692	1
437	716	1
437	1357	1
438	438	11
439	439	2
440	324	2
440	440	4
441	441	2
441	1353	1
442	203	5
442	272	1
442	442	18
442	498	1
442	1709	2
442	1731	1
443	443	1
444	444	3
444	1228	1
445	445	2
446	446	2
447	447	2
448	448	6
449	449	1
449	1142	1
450	450	1
451	451	2
452	452	1
453	453	2
454	67	1
454	123	1
454	454	25
454	861	3
454	1109	1
454	1116	1
454	1181	1
454	1185	1
454	1187	5
454	1193	3
454	1679	1
454	1829	1
454	1883	1
455	455	2
456	456	1
456	1261	1
457	457	3
458	458	3
458	506	1
459	459	2
460	460	2
460	461	2
461	460	2
461	461	5
462	462	1
463	463	3
464	62	1
464	208	1
464	464	4
465	465	1
466	466	1
467	430	1
467	467	14
467	818	2
467	910	3
467	999	1
467	1590	1
467	1747	1
468	338	1
468	468	3
469	469	2
469	1399	1
470	157	3
470	470	3
470	471	2
471	157	2
471	470	2
471	471	2
472	472	1
473	473	3
474	474	2
475	475	1
476	476	1
476	834	1
477	40	1
477	50	1
477	203	2
477	477	2
478	67	1
478	410	3
478	478	14
478	740	1
478	914	1
478	1074	1
478	1316	4
478	1563	5
478	1570	1
478	1817	1
479	479	1
480	480	5
480	564	1
480	654	4
481	481	1
482	277	1
482	482	3
482	540	1
483	483	1
484	484	1
485	227	1
485	485	1
485	486	1
486	227	3
486	239	1
486	485	1
486	486	5
487	365	2
487	487	3
488	333	2
488	488	5
488	1201	1
488	1509	1
489	489	1
490	490	1
491	491	4
491	789	1
491	1834	1
492	492	3
493	493	1
494	494	1
495	495	9
495	558	3
496	496	4
496	1483	1
497	497	1
498	442	1
498	498	9
499	499	3
500	21	6
500	333	4
500	381	7
500	500	22
500	991	2
500	1147	1
500	1621	2
501	501	2
502	54	1
502	200	1
502	502	3
502	517	1
502	1261	1
503	503	1
504	504	1
505	505	1
506	458	1
506	506	1
507	507	3
508	157	1
508	508	1
509	509	1
510	510	2
511	379	2
511	511	2
512	134	2
512	512	2
513	513	2
513	1124	1
514	514	1
515	515	1
516	217	1
516	516	1
517	502	1
517	517	1
518	518	1
519	519	3
519	624	2
520	255	3
520	342	1
520	520	3
521	364	1
521	521	1
522	522	5
522	590	3
522	1248	1
523	42	1
523	523	1
524	222	1
524	524	3
525	525	1
526	526	1
527	431	1
527	527	4
527	787	1
528	108	2
528	203	1
528	333	1
528	528	28
528	529	3
528	550	8
528	563	1
528	596	1
528	739	3
528	1048	2
528	1088	2
528	1414	1
528	1452	3
528	1461	2
528	1568	3
528	1750	1
528	1815	1
529	528	3
529	529	5
529	691	2
529	739	3
530	48	2
530	88	2
530	530	25
530	942	3
530	1068	1
530	1126	1
530	1234	4
530	1282	2
530	1283	4
530	1313	4
530	1416	3
531	531	2
532	532	2
533	109	1
533	223	1
533	533	5
533	534	3
533	1772	1
534	109	1
534	533	3
534	534	3
535	535	2
536	328	1
536	536	1
537	266	1
537	537	3
538	538	2
539	539	10
539	552	1
539	794	1
539	867	1
540	482	1
540	540	2
541	11	2
541	541	8
541	587	1
542	542	1
543	543	1
543	561	1
544	544	3
545	545	2
545	1128	1
546	546	3
546	547	1
546	656	1
546	949	1
547	338	1
547	546	1
547	547	2
547	656	1
547	949	1
548	54	1
548	548	24
548	692	2
548	937	2
548	967	1
548	1152	2
548	1261	1
548	1395	1
548	1575	4
548	1638	1
548	1656	1
548	1670	2
548	1693	1
548	1763	1
549	549	5
549	550	1
549	808	2
549	1650	1
550	13	2
550	76	3
550	86	1
550	103	1
550	108	2
550	242	2
550	333	1
550	528	8
550	549	1
550	550	63
550	626	1
550	691	1
550	739	1
550	777	1
550	782	1
550	864	4
550	930	1
550	953	1
550	1000	1
550	1088	2
550	1355	5
550	1405	1
550	1451	3
550	1452	1
550	1650	15
550	1780	1
551	265	1
551	551	1
551	625	1
552	539	1
552	552	1
553	553	2
554	554	1
555	555	1
556	240	1
556	556	1
557	356	2
557	557	2
557	892	1
558	495	3
558	558	4
558	897	1
559	559	1
560	560	2
561	543	1
561	561	3
562	562	1
563	71	3
563	528	1
563	563	9
563	692	4
563	1041	1
563	1750	1
564	480	1
564	564	3
564	650	1
564	1845	1
565	565	3
566	566	2
567	567	1
568	568	1
569	569	2
569	1049	1
570	570	1
571	571	2
572	572	1
573	573	5
574	125	1
574	126	5
574	203	3
574	574	6
574	808	4
574	871	4
574	949	1
575	224	1
575	575	1
576	576	4
576	1402	1
576	1748	1
576	1858	1
577	577	1
578	578	1
579	579	1
580	384	1
580	580	1
581	581	1
582	582	1
583	289	1
583	583	1
583	1418	1
584	584	2
584	1146	1
585	585	4
586	201	2
586	231	1
586	586	2
587	541	1
587	587	1
588	85	1
588	588	3
588	1286	2
588	1532	1
589	589	2
590	522	3
590	590	3
590	1248	1
591	591	6
591	1166	2
592	592	1
593	44	1
593	593	2
594	594	1
595	595	1
596	528	1
596	596	1
596	1048	1
597	237	1
597	597	4
598	598	2
599	599	2
599	1246	1
600	600	1
601	601	3
601	839	1
601	841	1
601	1155	2
602	602	1
603	603	3
603	1141	2
603	1704	1
604	604	3
604	994	3
605	605	3
605	1236	3
606	254	2
606	606	7
607	607	3
608	237	1
608	608	3
608	657	1
608	1762	1
609	609	1
610	297	3
610	610	10
611	333	1
611	611	5
611	1772	1
612	193	1
612	612	2
612	968	1
612	1359	1
613	613	2
613	614	1
613	1379	1
614	613	1
614	614	1
614	1379	1
615	615	2
616	616	2
617	617	2
618	618	1
619	619	3
619	1408	1
619	1841	1
620	620	5
620	1226	4
621	621	1
622	622	2
623	232	1
623	623	1
624	321	1
624	519	2
624	624	5
625	265	1
625	551	1
625	625	1
626	550	1
626	626	24
626	662	1
626	1008	2
626	1272	1
627	398	2
627	627	4
628	628	1
629	629	1
630	630	2
631	631	1
632	632	3
633	633	1
634	634	1
635	635	2
635	849	1
635	859	1
636	636	1
637	637	2
638	638	4
638	1259	1
638	1756	1
639	639	1
639	644	1
640	285	4
640	305	4
640	640	5
640	1274	1
641	641	1
641	1846	1
642	642	1
643	643	2
643	1715	1
644	639	1
644	644	1
645	645	1
646	646	1
646	647	1
646	1173	1
647	646	1
647	647	1
647	1173	1
648	357	2
648	648	6
649	649	10
649	1027	1
649	1221	4
649	1329	1
649	1339	1
649	1480	2
650	564	1
650	650	1
651	166	2
651	651	2
652	652	3
653	653	2
654	480	4
654	654	4
655	655	4
655	886	1
655	966	2
656	546	1
656	547	1
656	656	1
656	949	1
657	608	1
657	657	1
658	658	1
659	369	1
659	659	1
660	660	4
661	124	2
661	661	2
662	626	1
662	662	2
662	1109	1
662	1195	1
663	663	2
664	142	8
664	664	8
664	731	1
665	13	1
665	665	5
665	1239	3
666	666	1
667	667	1
668	152	2
668	668	10
668	716	1
668	1564	1
668	1604	1
669	669	1
670	26	1
670	276	1
670	670	1
671	671	5
671	1713	2
672	672	7
672	760	3
672	1208	1
672	1690	3
673	673	1
674	123	2
674	674	10
674	1663	1
674	1666	1
674	1681	1
674	1775	1
674	1852	1
675	118	2
675	675	4
675	740	2
675	916	2
675	1387	2
676	676	1
677	677	2
677	760	1
677	988	1
677	1208	1
677	1424	1
678	678	2
678	734	2
679	679	5
679	963	3
679	1684	1
680	680	1
681	681	5
682	682	1
682	683	1
683	682	1
683	683	1
684	4	3
684	684	7
684	1147	2
684	1322	2
684	1519	1
685	685	1
686	686	4
686	689	1
687	687	1
688	688	3
688	740	1
688	1175	1
688	1415	1
689	686	1
689	689	11
689	1079	1
689	1227	1
689	1291	2
690	690	3
690	1073	1
690	1439	3
691	76	11
691	90	2
691	91	1
691	97	3
691	159	1
691	167	1
691	203	2
691	529	2
691	550	1
691	691	34
691	739	18
691	808	2
691	1246	1
691	1287	3
691	1576	1
692	71	2
692	97	3
692	410	1
692	437	1
692	548	2
692	563	4
692	692	32
692	843	3
692	922	4
692	999	1
692	1064	3
692	1280	1
692	1332	1
692	1426	3
692	1486	4
692	1658	2
692	1895	2
693	693	5
693	719	2
694	694	7
694	1599	2
695	695	4
695	726	1
696	696	6
696	1031	1
696	1469	1
696	1501	1
696	1661	1
697	697	6
697	1228	1
698	698	1
698	730	1
699	699	1
700	700	2
701	701	3
701	1228	3
701	1667	1
702	702	4
702	1134	4
702	1249	2
703	703	2
703	741	1
703	1680	1
704	704	1
705	705	2
706	161	1
706	706	4
706	1276	2
707	707	1
707	1226	1
707	1358	1
707	1436	1
707	1850	1
708	708	1
709	709	2
709	732	1
709	1005	2
710	710	1
711	711	1
712	712	2
713	713	2
713	716	1
713	1109	1
713	1187	1
713	1239	1
714	714	4
715	715	2
716	437	1
716	668	1
716	713	1
716	716	8
716	727	1
716	748	2
716	1109	1
716	1187	1
716	1239	1
717	717	1
718	718	4
718	723	1
718	1228	1
718	1553	1
718	1566	1
719	693	2
719	719	9
719	1481	1
720	720	6
720	721	2
720	976	1
720	1228	4
720	1667	2
721	720	2
721	721	4
721	1468	1
722	722	10
722	905	3
722	946	1
722	947	1
722	1056	4
722	1057	2
723	718	1
723	723	2
724	724	1
724	1264	1
725	725	1
726	695	1
726	726	5
726	1015	1
726	1327	3
727	716	1
727	727	1
728	728	1
729	90	1
729	729	2
730	698	1
730	730	1
731	142	1
731	664	1
731	731	8
731	1017	1
731	1459	1
732	709	1
732	732	1
732	1005	1
733	733	1
733	1070	1
734	678	2
734	734	7
734	787	1
735	735	5
735	941	4
736	736	2
736	1293	2
737	737	5
738	738	2
739	76	8
739	90	1
739	97	4
739	159	1
739	528	3
739	529	3
739	550	1
739	691	18
739	739	26
739	986	1
739	1246	1
739	1287	1
739	1451	1
739	1452	1
740	118	3
740	123	1
740	478	1
740	675	2
740	688	1
740	740	8
740	914	1
740	1069	1
740	1074	1
740	1077	1
740	1175	1
740	1387	2
741	703	1
741	741	1
741	1680	1
742	742	2
743	743	1
743	1585	1
744	744	1
744	1024	1
745	745	5
746	155	2
746	746	6
746	758	1
746	1227	2
747	747	6
747	1460	4
748	716	2
748	748	4
749	749	3
750	750	6
750	1222	1
751	751	2
752	752	1
753	101	2
753	753	2
754	754	7
755	755	1
756	756	34
756	757	7
756	925	3
756	926	2
756	960	6
756	1088	4
756	1089	3
756	1107	1
756	1210	1
756	1559	7
757	756	7
757	757	7
757	925	3
757	960	1
757	1088	2
757	1559	1
758	156	2
758	746	1
758	758	10
758	1309	1
759	759	1
760	98	1
760	672	3
760	677	1
760	760	13
760	1059	1
760	1208	2
760	1236	2
760	1316	1
760	1349	2
760	1424	3
761	761	4
761	1510	2
762	762	11
762	1035	5
762	1228	1
762	1348	2
762	1433	1
762	1465	2
763	763	6
764	764	2
765	765	12
765	897	2
765	937	11
765	1638	4
766	766	1
767	767	11
768	768	1
769	107	3
769	769	16
769	771	5
769	1539	1
769	1874	1
770	770	12
770	1034	5
770	1042	5
770	1043	2
770	1508	1
771	769	5
771	771	5
771	1874	1
772	113	3
772	772	3
773	773	5
773	1230	2
773	1268	1
773	1448	2
773	1642	2
774	774	3
774	805	2
775	775	5
776	776	3
776	951	3
777	550	1
777	777	1
778	778	4
778	779	3
779	778	3
779	779	10
779	1305	1
780	780	1
781	146	1
781	273	1
781	781	5
781	1477	4
782	550	1
782	782	9
783	95	2
783	783	3
784	784	1
785	785	2
786	786	1
787	20	1
787	527	1
787	734	1
787	787	15
787	1179	2
787	1183	2
787	1199	4
787	1385	1
787	1682	1
787	1903	1
788	788	2
788	1737	1
789	491	1
789	789	10
789	1237	3
789	1302	1
790	790	2
791	791	1
792	33	1
792	792	5
792	1865	1
793	793	2
793	1258	2
793	1753	1
794	378	1
794	539	1
794	794	2
795	795	2
796	269	1
796	796	1
796	1170	1
797	797	1
797	1147	1
798	798	7
798	1020	3
799	799	4
799	831	1
800	800	1
801	801	1
802	802	4
802	1151	2
803	803	4
804	804	2
804	806	1
805	774	2
805	805	3
805	830	1
806	804	1
806	806	5
807	297	4
807	807	4
808	7	1
808	94	2
808	99	1
808	126	3
808	144	1
808	148	4
808	167	1
808	203	5
808	305	1
808	549	2
808	574	4
808	691	2
808	808	37
808	825	1
808	870	8
808	871	6
808	873	2
808	943	1
808	949	4
808	950	1
808	1176	2
808	1515	2
808	1576	1
808	1743	1
808	1873	1
809	809	1
810	810	2
810	820	2
811	811	1
812	812	2
813	32	3
813	813	5
813	1720	1
814	814	9
814	815	2
814	817	2
815	814	2
815	815	2
815	817	2
816	816	1
817	814	2
817	815	2
817	817	2
818	467	2
818	818	2
819	819	1
819	1499	1
820	810	2
820	820	2
821	821	1
822	822	3
823	823	1
824	824	3
824	1849	1
825	808	1
825	825	1
826	826	2
827	827	1
828	828	3
829	829	3
829	830	3
830	805	1
830	829	3
830	830	5
831	799	1
831	831	1
832	52	1
832	832	2
833	833	2
834	476	1
834	834	2
835	835	1
836	836	4
837	837	2
838	838	1
839	601	1
839	839	3
839	1155	1
840	840	1
841	601	1
841	841	2
842	842	1
842	969	1
843	692	3
843	843	4
843	1326	1
843	1426	3
843	1895	2
844	165	1
844	844	1
845	34	1
845	845	1
845	1417	1
846	846	1
846	848	1
846	1226	1
847	847	2
848	846	1
848	848	1
848	1226	1
849	635	1
849	849	1
849	859	1
850	850	1
851	851	1
851	1333	1
852	852	2
853	853	1
854	267	1
854	854	2
855	855	3
856	856	7
857	857	1
858	858	3
859	635	1
859	849	1
859	859	1
860	860	1
861	123	1
861	454	3
861	861	3
861	1116	1
862	862	2
863	863	1
864	203	2
864	550	4
864	864	6
864	1650	4
865	250	1
865	865	1
866	866	1
867	539	1
867	867	1
868	868	3
869	869	1
869	877	1
869	1765	1
869	1844	1
870	7	1
870	37	1
870	94	3
870	148	7
870	203	5
870	808	8
870	870	11
870	871	4
870	949	4
870	950	1
870	1628	2
871	7	1
871	125	1
871	126	4
871	148	2
871	203	3
871	574	4
871	808	6
871	870	4
871	871	10
871	949	5
871	950	1
871	1628	1
872	872	1
873	808	2
873	873	2
874	874	1
874	1624	1
875	875	1
876	876	3
876	1203	1
877	869	1
877	877	1
877	1765	1
877	1844	1
878	878	1
879	879	1
880	880	1
881	881	3
881	1009	1
882	882	1
883	883	1
884	884	1
885	885	2
885	1081	2
885	1105	2
886	655	1
886	886	1
887	887	2
888	888	3
889	889	1
889	1350	1
890	264	1
890	890	2
890	1698	1
891	891	4
892	356	1
892	557	1
892	892	4
893	893	3
894	894	2
894	1400	1
895	895	4
895	902	1
896	896	1
897	558	1
897	765	2
897	897	4
897	937	2
897	1395	1
898	898	6
898	901	6
898	985	4
899	899	2
900	900	2
901	898	6
901	901	6
901	985	4
902	895	1
902	902	1
903	903	4
904	904	2
905	722	3
905	905	3
905	1056	3
905	1057	2
906	906	8
906	1102	1
906	1147	1
906	1591	3
907	907	1
908	908	1
909	909	2
910	430	1
910	467	3
910	910	3
910	1590	1
911	911	1
912	912	5
912	1329	2
913	913	1
913	1257	1
914	478	1
914	740	1
914	914	5
914	1074	1
914	1530	1
915	915	1
916	675	2
916	916	6
916	1305	2
917	917	2
918	918	6
918	939	1
918	1373	1
919	254	4
919	919	4
919	1856	1
920	920	2
921	921	1
922	97	2
922	410	1
922	692	4
922	922	4
923	238	1
923	923	2
924	924	2
924	1822	1
925	756	3
925	757	3
925	925	3
925	1559	1
926	756	2
926	926	2
927	927	1
928	928	1
929	929	4
929	1491	1
930	76	4
930	86	4
930	159	1
930	550	1
930	930	4
930	953	2
930	954	1
930	1186	1
930	1650	1
931	931	1
932	205	1
932	932	1
932	1759	1
932	1799	1
933	933	1
933	1559	1
934	934	2
935	82	1
935	935	1
936	936	1
936	1395	1
937	54	1
937	548	2
937	765	11
937	897	2
937	937	24
937	967	1
937	1172	1
937	1261	1
937	1475	3
937	1638	8
937	1760	1
938	938	1
939	918	1
939	939	12
939	1129	1
939	1130	1
939	1250	1
939	1317	1
940	940	4
941	333	2
941	735	4
941	941	9
941	1216	3
942	530	3
942	942	3
942	1234	1
943	808	1
943	943	1
943	1515	1
944	944	2
945	945	3
946	722	1
946	946	3
946	947	1
946	1338	1
947	722	1
947	946	1
947	947	1
948	948	6
949	7	1
949	94	1
949	126	1
949	148	3
949	203	1
949	546	1
949	547	1
949	574	1
949	656	1
949	808	4
949	870	4
949	871	5
949	949	14
949	950	1
949	1120	1
949	1223	3
949	1256	2
949	1319	4
949	1325	3
949	1628	1
950	7	1
950	808	1
950	870	1
950	871	1
950	949	1
950	950	1
951	776	3
951	951	4
952	952	4
953	76	2
953	86	2
953	550	1
953	930	2
953	953	2
953	1650	1
954	76	1
954	86	1
954	159	1
954	930	1
954	954	1
955	955	1
956	956	2
956	981	1
956	1651	1
956	1672	1
957	100	2
957	957	6
957	1322	1
958	958	6
958	1068	6
958	1335	4
958	1456	1
959	959	2
959	1334	2
960	756	6
960	757	1
960	960	11
960	1088	2
960	1089	5
961	961	1
962	60	1
962	962	3
962	1441	1
963	679	3
963	963	3
964	964	1
965	965	1
966	655	2
966	966	2
967	548	1
967	937	1
967	967	3
967	1175	1
967	1638	2
968	151	4
968	193	3
968	612	1
968	968	9
968	978	7
968	979	1
969	842	1
969	969	9
969	988	1
969	1066	1
970	970	1
971	971	1
971	979	1
972	972	1
973	135	2
973	973	2
973	1233	2
974	974	1
974	1757	1
975	975	1
976	413	3
976	720	1
976	976	12
976	1228	2
976	1404	3
976	1476	2
976	1667	1
977	977	1
977	1478	1
978	151	4
978	193	1
978	968	7
978	978	7
979	193	1
979	968	1
979	971	1
979	979	2
980	980	1
981	333	1
981	956	1
981	981	5
981	1182	1
981	1347	1
981	1651	1
982	982	1
983	104	2
983	983	4
984	984	1
985	898	4
985	901	4
985	985	4
986	97	1
986	739	1
986	986	2
986	1451	1
987	987	2
988	677	1
988	969	1
988	988	3
988	1246	1
989	989	2
989	1615	1
990	990	1
990	1741	1
991	21	1
991	381	1
991	500	2
991	991	2
992	992	6
992	997	1
993	993	5
994	604	3
994	994	6
995	995	1
996	996	2
996	1113	2
997	992	1
997	997	4
998	998	1
999	467	1
999	692	1
999	999	7
999	1308	1
1000	550	1
1000	1000	2
1000	1650	1
1001	1001	1
1002	1002	1
1002	1164	1
1003	30	1
1003	321	1
1003	1003	1
1003	1006	1
1003	1159	1
1004	1004	2
1005	709	2
1005	732	1
1005	1005	4
1006	30	1
1006	321	2
1006	1003	1
1006	1006	2
1006	1159	1
1007	1007	4
1007	1071	2
1007	1407	1
1008	626	2
1008	1008	2
1009	881	1
1009	1009	2
1009	1859	1
1010	1010	3
1010	1011	1
1010	1013	1
1011	1010	1
1011	1011	7
1011	1013	2
1012	299	2
1012	1012	3
1013	1010	1
1013	1011	2
1013	1013	2
1014	1014	2
1014	1015	2
1014	1828	2
1015	726	1
1015	1014	2
1015	1015	7
1015	1017	1
1015	1071	1
1015	1191	1
1015	1828	2
1016	1016	2
1017	731	1
1017	1015	1
1017	1017	3
1018	1018	4
1019	1019	20
1020	798	3
1020	1020	5
1020	1110	1
1021	1021	6
1021	1901	1
1022	1022	2
1023	1023	3
1023	1443	1
1024	744	1
1024	1024	1
1025	1025	1
1026	1026	1
1027	649	1
1027	1027	5
1027	1363	1
1028	1028	2
1029	1029	2
1029	1073	1
1030	1030	1
1031	332	1
1031	696	1
1031	1031	5
1031	1032	1
1031	1469	1
1031	1674	1
1032	1031	1
1032	1032	2
1033	1033	4
1033	1652	2
1033	1667	1
1034	770	5
1034	1034	5
1034	1042	1
1034	1043	1
1035	762	5
1035	1035	5
1035	1348	1
1036	1036	5
1036	1232	1
1037	100	2
1037	127	2
1037	1037	2
1038	1038	2
1038	1228	1
1039	1039	2
1039	1732	1
1040	1040	4
1040	1558	2
1040	1660	2
1041	205	1
1041	563	1
1041	1041	16
1041	1442	1
1041	1711	3
1041	1758	1
1042	770	5
1042	1034	1
1042	1042	5
1042	1043	2
1043	770	2
1043	1034	1
1043	1042	2
1043	1043	2
1044	1044	5
1044	1045	1
1045	1044	1
1045	1045	1
1046	1046	1
1047	1047	3
1048	528	2
1048	596	1
1048	1048	2
1049	569	1
1049	1049	2
1050	168	2
1050	1050	2
1051	1051	1
1051	1088	1
1051	1451	1
1052	1052	1
1053	1053	3
1053	1246	1
1054	1054	3
1054	1145	3
1054	1652	1
1055	1055	2
1055	1207	1
1056	138	1
1056	722	4
1056	905	3
1056	1056	17
1056	1057	3
1056	1073	2
1056	1148	1
1056	1338	3
1056	1622	1
1056	1635	1
1056	1683	1
1056	1885	1
1057	722	2
1057	905	2
1057	1056	3
1057	1057	3
1057	1148	1
1058	1058	3
1059	760	1
1059	1059	1
1060	1060	2
1061	1061	1
1062	1062	1
1062	1070	1
1063	333	5
1063	1063	15
1063	1323	1
1063	1345	2
1063	1552	3
1064	692	3
1064	1064	3
1065	1065	1
1066	969	1
1066	1066	1
1067	269	1
1067	1067	4
1067	1170	1
1068	530	1
1068	958	6
1068	1068	8
1068	1126	1
1068	1313	1
1068	1335	4
1068	1456	1
1069	740	1
1069	1069	3
1069	1074	1
1069	1077	3
1069	1100	1
1069	1444	1
1070	733	1
1070	1062	1
1070	1070	2
1071	1007	2
1071	1015	1
1071	1071	6
1071	1191	2
1071	1407	1
1072	1072	4
1073	690	1
1073	1029	1
1073	1056	2
1073	1073	6
1073	1439	3
1073	1885	2
1074	478	1
1074	740	1
1074	914	1
1074	1069	1
1074	1074	2
1074	1077	1
1075	1075	2
1076	1076	1
1077	740	1
1077	1069	3
1077	1074	1
1077	1077	3
1077	1100	1
1077	1444	1
1078	1078	1
1079	689	1
1079	1079	1
1080	1080	1
1081	410	1
1081	885	2
1081	1081	10
1081	1105	4
1081	1147	2
1081	1316	1
1081	1345	3
1081	1554	2
1082	1082	2
1083	70	1
1083	1083	2
1084	1084	1
1085	1085	3
1085	1661	1
1086	1086	3
1086	1102	1
1087	1087	1
1087	1147	1
1088	528	2
1088	550	2
1088	756	4
1088	757	2
1088	960	2
1088	1051	1
1088	1088	13
1088	1089	3
1088	1316	1
1088	1451	4
1088	1568	1
1088	1774	1
1089	756	3
1089	960	5
1089	1088	3
1089	1089	6
1089	1774	1
1090	1090	5
1090	1795	2
1091	1091	2
1091	1479	1
1092	1092	2
1092	1105	1
1093	1093	2
1094	1094	5
1094	1095	1
1094	1131	2
1094	1207	1
1095	1094	1
1095	1095	1
1095	1131	1
1096	1096	1
1097	1097	4
1097	1102	2
1098	1098	2
1098	1099	2
1099	1098	2
1099	1099	2
1100	1069	1
1100	1077	1
1100	1100	1
1100	1444	1
1101	1101	3
1102	906	1
1102	1086	1
1102	1097	2
1102	1102	7
1102	1103	3
1103	1102	3
1103	1103	6
1104	1104	1
1105	885	2
1105	1081	4
1105	1092	1
1105	1105	7
1105	1106	1
1105	1554	1
1106	1105	1
1106	1106	1
1107	756	1
1107	1107	1
1108	269	2
1108	1108	5
1108	1158	1
1108	1170	1
1108	1217	1
1109	454	1
1109	662	1
1109	713	1
1109	716	1
1109	1109	23
1109	1187	2
1109	1192	7
1109	1194	3
1109	1195	3
1109	1200	4
1109	1239	1
1109	1793	3
1110	1020	1
1110	1110	4
1111	1111	1
1112	104	1
1112	1112	5
1113	996	2
1113	1113	2
1114	1114	5
1114	1289	2
1115	1115	1
1116	123	1
1116	454	1
1116	861	1
1116	1116	1
1117	1117	1
1118	1118	1
1119	1119	5
1120	949	1
1120	1120	2
1121	74	1
1121	1121	1
1122	1122	2
1122	1208	1
1123	1123	1
1124	513	1
1124	1124	1
1125	254	1
1125	1125	6
1125	1275	2
1125	1529	1
1125	1837	1
1126	530	1
1126	1068	1
1126	1126	1
1126	1313	1
1127	1127	2
1127	1553	1
1128	545	1
1128	1128	4
1128	1618	1
1129	939	1
1129	1129	2
1129	1130	1
1130	939	1
1130	1129	1
1130	1130	1
1131	1094	2
1131	1095	1
1131	1131	3
1131	1495	1
1131	1677	1
1132	1132	1
1133	1133	3
1134	702	4
1134	1134	7
1134	1249	5
1135	1135	4
1136	1136	6
1137	1137	3
1137	1467	3
1137	1573	3
1138	427	1
1138	1138	4
1138	1258	2
1139	1139	1
1139	1739	1
1140	1140	1
1141	4	3
1141	603	2
1141	1141	8
1142	449	1
1142	1142	3
1142	1872	1
1143	1143	2
1144	1144	4
1144	1710	1
1145	1054	3
1145	1145	3
1145	1652	1
1146	584	1
1146	1146	1
1147	500	1
1147	684	2
1147	797	1
1147	906	1
1147	1081	2
1147	1087	1
1147	1147	26
1147	1322	9
1147	1323	1
1147	1345	3
1147	1395	2
1147	1519	1
1148	1056	1
1148	1057	1
1148	1148	1
1149	1149	2
1150	14	1
1150	1150	1
1151	802	2
1151	1151	2
1152	548	2
1152	1152	4
1152	1395	2
1153	33	4
1153	1153	7
1153	1154	1
1153	1206	2
1153	1270	2
1154	33	1
1154	1153	1
1154	1154	1
1155	601	2
1155	839	1
1155	1155	2
1156	1156	2
1156	1432	2
1157	1157	1
1158	1108	1
1158	1158	4
1159	30	1
1159	321	1
1159	1003	1
1159	1006	1
1159	1159	1
1160	92	1
1160	1160	1
1161	1161	1
1162	1162	1
1163	54	1
1163	427	1
1163	1163	2
1164	1002	1
1164	1164	1
1165	427	1
1165	1165	1
1166	321	1
1166	591	2
1166	1166	3
1167	1167	1
1167	1569	1
1168	1168	1
1169	1169	1
1170	269	7
1170	332	1
1170	796	1
1170	1067	1
1170	1108	1
1170	1170	11
1170	1217	3
1170	1522	2
1170	1819	2
1171	419	4
1171	1171	4
1172	937	1
1172	1172	4
1173	646	1
1173	647	1
1173	1173	1
1174	1174	1
1175	337	1
1175	688	1
1175	740	1
1175	967	1
1175	1175	40
1175	1190	2
1175	1194	2
1175	1200	1
1175	1261	2
1175	1829	1
1175	1878	2
1175	1884	2
1176	144	1
1176	808	2
1176	1176	6
1177	1177	1
1177	1444	1
1178	1178	4
1178	1347	1
1179	787	2
1179	1179	12
1179	1183	1
1179	1199	1
1179	1385	1
1179	1682	1
1179	1903	1
1180	1180	1
1181	454	1
1181	1181	2
1181	1679	1
1182	981	1
1182	1182	2
1183	787	2
1183	1179	1
1183	1183	2
1184	1184	1
1184	1208	1
1185	454	1
1185	1185	1
1185	1883	1
1186	76	2
1186	86	2
1186	930	1
1186	1186	2
1187	454	5
1187	713	1
1187	716	1
1187	1109	2
1187	1187	6
1187	1239	1
1188	1188	3
1189	1189	1
1189	1449	1
1190	1175	2
1190	1190	3
1191	1015	1
1191	1071	2
1191	1191	2
1192	1109	7
1192	1192	11
1192	1194	4
1193	67	1
1193	454	3
1193	1193	4
1193	1366	1
1193	1410	1
1194	1109	3
1194	1175	2
1194	1192	4
1194	1194	9
1194	1195	1
1195	662	1
1195	1109	3
1195	1194	1
1195	1195	4
1196	1196	1
1197	1197	2
1198	1198	2
1198	1199	1
1199	787	4
1199	1179	1
1199	1198	1
1199	1199	5
1199	1385	1
1199	1682	1
1199	1903	1
1200	1109	4
1200	1175	1
1200	1200	6
1201	488	1
1201	1201	4
1202	1202	3
1203	876	1
1203	1203	1
1204	1204	4
1205	1205	3
1206	33	8
1206	1153	2
1206	1206	9
1206	1245	1
1206	1270	2
1207	1055	1
1207	1094	1
1207	1207	5
1208	672	1
1208	677	1
1208	760	2
1208	1122	1
1208	1184	1
1208	1208	14
1208	1349	1
1208	1424	2
1209	1209	2
1210	756	1
1210	1210	1
1211	1211	2
1212	1212	2
1213	1213	4
1214	1214	8
1214	1215	4
1214	1337	2
1214	1338	1
1215	138	1
1215	1214	4
1215	1215	8
1215	1337	3
1215	1338	3
1215	1443	1
1215	1553	1
1216	160	1
1216	941	3
1216	1216	4
1217	269	2
1217	332	1
1217	1108	1
1217	1170	3
1217	1217	3
1217	1522	1
1217	1819	2
1218	1218	3
1219	1219	1
1220	1220	2
1221	649	4
1221	1221	4
1221	1339	1
1222	750	1
1222	1222	2
1223	949	3
1223	1223	5
1223	1224	1
1223	1319	3
1223	1325	3
1224	1223	1
1224	1224	6
1224	1755	1
1224	1862	1
1225	1225	2
1226	620	4
1226	707	1
1226	846	1
1226	848	1
1226	1226	15
1226	1273	3
1226	1358	1
1226	1367	1
1226	1372	1
1226	1436	1
1226	1850	1
1227	689	1
1227	746	2
1227	1227	9
1227	1366	3
1227	1636	3
1227	1639	1
1228	150	3
1228	410	3
1228	444	1
1228	697	1
1228	701	3
1228	718	1
1228	720	4
1228	762	1
1228	976	2
1228	1038	1
1228	1228	43
1228	1298	1
1228	1316	3
1228	1362	1
1228	1433	3
1228	1553	1
1228	1638	1
1228	1667	11
1228	1726	1
1228	1809	1
1229	1229	1
1230	773	2
1230	1230	2
1230	1268	1
1231	1231	2
1232	1036	1
1232	1232	3
1233	135	2
1233	973	2
1233	1233	2
1234	530	4
1234	942	1
1234	1234	4
1235	1235	1
1236	98	1
1236	605	3
1236	760	2
1236	1236	9
1236	1316	1
1236	1424	1
1237	789	3
1237	1237	4
1237	1302	1
1238	1238	1
1239	13	2
1239	665	3
1239	713	1
1239	716	1
1239	1109	1
1239	1187	1
1239	1239	9
1239	1310	2
1240	1240	3
1241	1241	3
1241	1242	3
1241	1243	1
1242	1241	3
1242	1242	3
1242	1243	1
1243	1241	1
1243	1242	1
1243	1243	2
1243	1403	1
1244	222	2
1244	1244	2
1245	33	2
1245	1206	1
1245	1245	2
1246	97	2
1246	599	1
1246	691	1
1246	739	1
1246	988	1
1246	1053	1
1246	1246	19
1246	1366	3
1246	1410	1
1246	1443	1
1246	1447	2
1246	1449	3
1247	1247	2
1248	522	1
1248	590	1
1248	1248	1
1249	702	2
1249	1134	5
1249	1249	5
1250	939	1
1250	1250	8
1250	1272	2
1251	1251	5
1252	399	1
1252	1252	5
1252	1253	1
1252	1627	1
1252	1766	1
1253	1252	1
1253	1253	1
1254	1254	1
1255	254	3
1255	1255	3
1256	949	2
1256	1256	3
1257	913	1
1257	1257	3
1257	1381	2
1258	793	2
1258	1138	2
1258	1258	8
1258	1753	1
1259	638	1
1259	1259	3
1260	1260	5
1261	54	7
1261	456	1
1261	502	1
1261	548	1
1261	937	1
1261	1175	2
1261	1261	17
1261	1572	1
1262	1262	1
1262	1263	1
1263	1262	1
1263	1263	1
1264	724	1
1264	1264	1
1265	1265	4
1265	1701	1
1265	1718	2
1266	1266	2
1267	1267	2
1268	773	1
1268	1230	1
1268	1268	1
1269	1269	3
1270	33	2
1270	1153	2
1270	1206	2
1270	1270	2
1271	254	2
1271	1271	2
1272	626	1
1272	1250	2
1272	1272	15
1273	1226	3
1273	1273	3
1274	640	1
1274	1274	1
1275	254	1
1275	1125	2
1275	1275	3
1275	1529	1
1275	1837	1
1276	706	2
1276	1276	2
1277	1277	1
1278	1278	1
1279	1279	5
1280	692	1
1280	1280	1
1281	1281	6
1282	530	2
1282	1282	4
1282	1313	2
1283	88	2
1283	530	4
1283	1283	4
1283	1416	1
1284	1284	1
1285	1285	1
1286	588	2
1286	1286	2
1286	1532	1
1287	203	1
1287	691	3
1287	739	1
1287	1287	3
1288	1288	1
1289	21	4
1289	1114	2
1289	1289	7
1290	1290	4
1291	689	2
1291	1291	3
1292	1292	2
1293	736	2
1293	1293	2
1294	1294	6
1295	1295	1
1296	1296	3
1297	1297	1
1298	1228	1
1298	1298	2
1299	1299	2
1299	1768	1
1300	1300	1
1301	1301	1
1302	153	1
1302	789	1
1302	1237	1
1302	1302	4
1303	100	2
1303	1303	4
1304	1304	2
1305	779	1
1305	916	2
1305	1305	5
1306	1306	1
1307	1307	2
1308	999	1
1308	1308	4
1309	758	1
1309	1309	1
1310	1239	2
1310	1310	2
1311	1311	2
1312	1312	4
1313	530	4
1313	1068	1
1313	1126	1
1313	1282	2
1313	1313	4
1314	1314	1
1315	1315	2
1316	67	5
1316	98	1
1316	150	3
1316	410	22
1316	478	4
1316	760	1
1316	1081	1
1316	1088	1
1316	1228	3
1316	1236	1
1316	1316	25
1316	1451	1
1316	1457	1
1316	1497	1
1316	1563	2
1316	1644	1
1317	939	1
1317	1317	1
1318	1318	1
1319	949	4
1319	1223	3
1319	1319	4
1319	1325	3
1320	1320	1
1321	1321	2
1322	684	2
1322	957	1
1322	1147	9
1322	1322	13
1322	1323	3
1322	1395	1
1322	1519	1
1323	1063	1
1323	1147	1
1323	1322	3
1323	1323	5
1323	1345	1
1323	1490	1
1323	1552	1
1324	1324	2
1325	949	3
1325	1223	3
1325	1319	3
1325	1325	3
1326	843	1
1326	1326	2
1327	726	3
1327	1327	3
1328	1328	5
1328	1329	5
1329	649	1
1329	912	2
1329	1328	5
1329	1329	13
1329	1530	1
1330	1330	2
1331	1331	5
1331	1750	1
1332	97	2
1332	692	1
1332	1332	2
1333	851	1
1333	1333	1
1334	959	2
1334	1334	2
1335	958	4
1335	1068	4
1335	1335	5
1335	1456	2
1336	1336	1
1337	1214	2
1337	1215	3
1337	1337	8
1337	1338	1
1337	1473	1
1337	1572	1
1338	138	2
1338	946	1
1338	1056	3
1338	1214	1
1338	1215	3
1338	1337	1
1338	1338	8
1338	1443	1
1338	1622	1
1339	649	1
1339	1221	1
1339	1339	1
1340	254	1
1340	1340	1
1341	1341	1
1342	1342	1
1343	1343	1
1344	1344	2
1345	1063	2
1345	1081	3
1345	1147	3
1345	1323	1
1345	1345	8
1345	1552	2
1346	1346	1
1347	981	1
1347	1178	1
1347	1347	3
1348	762	2
1348	1035	1
1348	1348	2
1349	760	2
1349	1208	1
1349	1349	4
1350	889	1
1350	1350	1
1351	1351	1
1352	1352	3
1353	441	1
1353	1353	3
1353	1354	2
1354	1353	2
1354	1354	2
1355	550	5
1355	1355	5
1356	1356	2
1357	437	1
1357	1357	1
1358	707	1
1358	1226	1
1358	1358	1
1358	1436	1
1358	1850	1
1359	612	1
1359	1359	1
1360	1360	1
1361	1361	1
1361	1496	1
1362	1228	1
1362	1362	1
1362	1433	1
1363	1027	1
1363	1363	2
1364	1364	2
1365	1365	2
1366	1193	1
1366	1227	3
1366	1246	3
1366	1366	13
1366	1410	4
1366	1447	2
1366	1449	1
1366	1636	2
1366	1882	1
1367	1226	1
1367	1367	1
1368	1368	1
1368	1369	1
1369	1368	1
1369	1369	3
1369	1370	1
1370	1369	1
1370	1370	1
1371	1371	2
1371	1380	1
1371	1767	1
1372	1226	1
1372	1372	1
1373	918	1
1373	1373	1
1374	1374	2
1375	1375	2
1376	1376	2
1376	1377	2
1377	1376	2
1377	1377	2
1378	1378	1
1379	613	1
1379	614	1
1379	1379	1
1380	1371	1
1380	1380	1
1380	1767	1
1381	1257	2
1381	1381	5
1381	1584	1
1382	1382	1
1383	1383	1
1384	1384	4
1385	787	1
1385	1179	1
1385	1199	1
1385	1385	3
1385	1682	3
1385	1879	1
1385	1903	1
1386	1386	3
1386	1429	1
1387	118	2
1387	675	2
1387	740	2
1387	1387	3
1388	1388	1
1389	1389	1
1389	1578	1
1389	1861	1
1390	1390	1
1391	1391	1
1392	1392	1
1393	1393	1
1393	1394	1
1394	1393	1
1394	1394	1
1395	548	1
1395	897	1
1395	936	1
1395	1147	2
1395	1152	2
1395	1322	1
1395	1395	14
1396	291	2
1396	1396	2
1397	269	1
1397	362	1
1397	1397	2
1398	1398	2
1399	469	1
1399	1399	11
1400	894	1
1400	1400	1
1401	109	1
1401	1401	5
1402	576	1
1402	1402	7
1402	1810	2
1403	1243	1
1403	1403	1
1404	976	3
1404	1404	3
1404	1476	1
1405	550	1
1405	1405	1
1406	76	1
1406	1406	2
1407	1007	1
1407	1071	1
1407	1407	7
1408	619	1
1408	1408	1
1408	1841	1
1409	1409	2
1410	1193	1
1410	1246	1
1410	1366	4
1410	1410	4
1410	1447	1
1411	1411	4
1411	1614	1
1412	1412	2
1412	1773	2
1413	1413	3
1414	1	1
1414	528	1
1414	1414	5
1414	1452	1
1414	1506	1
1414	1606	1
1414	1611	1
1415	688	1
1415	1415	1
1416	88	1
1416	530	3
1416	1283	1
1416	1416	3
1417	34	1
1417	845	1
1417	1417	1
1418	289	2
1418	583	1
1418	1418	2
1419	1419	2
1420	1420	1
1421	1421	1
1422	76	2
1422	1422	2
1422	1423	2
1423	76	3
1423	1422	2
1423	1423	3
1424	677	1
1424	760	3
1424	1208	2
1424	1236	1
1424	1424	3
1425	301	1
1425	1425	2
1425	1838	1
1426	692	3
1426	843	3
1426	1426	3
1426	1895	2
1427	1427	1
1428	1428	1
1429	1386	1
1429	1429	3
1430	367	1
1430	1430	6
1430	1712	1
1431	104	1
1431	1431	2
1432	1156	2
1432	1432	5
1433	762	1
1433	1228	3
1433	1362	1
1433	1433	3
1434	1434	1
1435	1435	2
1436	707	1
1436	1226	1
1436	1358	1
1436	1436	1
1436	1850	1
1437	1437	1
1438	1438	1
1439	690	3
1439	1073	3
1439	1439	5
1439	1885	1
1440	1440	2
1441	962	1
1441	1441	1
1442	1041	1
1442	1442	1
1443	138	1
1443	1023	1
1443	1215	1
1443	1246	1
1443	1338	1
1443	1443	6
1443	1449	1
1443	1880	1
1444	1069	1
1444	1077	1
1444	1100	1
1444	1177	1
1444	1444	4
1445	1445	1
1446	1446	1
1447	1246	2
1447	1366	2
1447	1410	1
1447	1447	2
1448	773	2
1448	1448	2
1448	1642	2
1449	1189	1
1449	1246	3
1449	1366	1
1449	1443	1
1449	1449	5
1450	1450	1
1451	97	2
1451	550	3
1451	739	1
1451	986	1
1451	1051	1
1451	1088	4
1451	1316	1
1451	1451	7
1452	528	3
1452	550	1
1452	739	1
1452	1414	1
1452	1452	3
1453	1453	1
1454	1454	1
1455	1455	1
1456	958	1
1456	1068	1
1456	1335	2
1456	1456	2
1457	410	1
1457	1316	1
1457	1457	1
1458	1458	6
1459	731	1
1459	1459	3
1459	1550	1
1460	747	4
1460	1460	4
1461	528	2
1461	1461	4
1462	1462	1
1463	1463	2
1463	1645	1
1464	1464	3
1465	762	2
1465	1465	2
1466	1466	4
1467	1137	3
1467	1467	3
1467	1573	3
1468	721	1
1468	1468	1
1469	332	3
1469	696	1
1469	1031	1
1469	1469	9
1469	1501	4
1469	1674	1
1470	1470	1
1471	1471	2
1472	1472	1
1473	1337	1
1473	1473	2
1474	1474	1
1475	937	3
1475	1475	3
1476	976	2
1476	1404	1
1476	1476	2
1477	273	1
1477	781	4
1477	1477	4
1478	977	1
1478	1478	3
1479	1091	1
1479	1479	1
1480	649	2
1480	1480	4
1481	719	1
1481	1481	1
1482	1482	1
1483	496	1
1483	1483	2
1483	1839	1
1484	254	1
1484	1484	1
1485	1485	1
1486	692	4
1486	1486	4
1487	33	1
1487	1487	1
1488	1488	1
1489	1489	4
1489	1498	2
1489	1502	2
1490	1323	1
1490	1490	1
1491	929	1
1491	1491	2
1492	1492	1
1493	1493	2
1493	1494	2
1494	1493	2
1494	1494	2
1495	1131	1
1495	1495	3
1495	1677	1
1496	1361	1
1496	1496	5
1496	1835	1
1497	410	1
1497	1316	1
1497	1497	2
1497	1644	2
1498	1489	2
1498	1498	2
1499	819	1
1499	1499	1
1500	1500	2
1501	332	1
1501	696	1
1501	1469	4
1501	1501	5
1502	1489	2
1502	1502	2
1503	1503	1
1504	313	1
1504	1504	1
1505	1505	1
1506	1	1
1506	1414	1
1506	1506	5
1506	1507	1
1506	1719	3
1507	1506	1
1507	1507	2
1508	770	1
1508	1508	1
1509	488	1
1509	1509	1
1510	761	2
1510	1510	4
1511	137	4
1511	1511	4
1512	11	1
1512	1512	2
1513	1513	2
1514	1514	1
1515	808	2
1515	943	1
1515	1515	2
1516	1516	2
1517	1517	1
1518	1518	1
1518	1546	1
1519	684	1
1519	1147	1
1519	1322	1
1519	1519	2
1520	222	1
1520	1520	1
1521	1521	1
1522	269	2
1522	332	1
1522	1170	2
1522	1217	1
1522	1522	2
1522	1819	1
1523	1523	2
1524	1524	2
1525	1525	1
1526	1526	1
1527	1527	1
1528	1528	2
1528	1790	1
1529	1125	1
1529	1275	1
1529	1529	2
1529	1740	1
1529	1837	2
1530	914	1
1530	1329	1
1530	1530	5
1531	1531	1
1532	588	1
1532	1286	1
1532	1532	1
1533	1533	1
1534	1534	1
1535	239	1
1535	1535	3
1536	254	1
1536	1536	1
1537	321	1
1537	1537	3
1538	1538	1
1539	769	1
1539	1539	1
1540	1540	3
1541	1541	3
1542	1542	4
1543	1543	6
1544	1544	2
1545	1545	1
1546	1518	1
1546	1546	2
1547	1547	1
1548	1548	2
1549	1549	1
1550	1459	1
1550	1550	1
1551	1551	2
1552	1063	3
1552	1323	1
1552	1345	2
1552	1552	3
1553	718	1
1553	1127	1
1553	1215	1
1553	1228	1
1553	1553	10
1554	1081	2
1554	1105	1
1554	1554	2
1555	1555	1
1556	1556	1
1557	1557	1
1558	1040	2
1558	1558	7
1558	1660	2
1559	756	7
1559	757	1
1559	925	1
1559	933	1
1559	1559	8
1560	1560	1
1560	1657	1
1561	1561	4
1561	1562	1
1562	1561	1
1562	1562	1
1563	410	2
1563	478	5
1563	1316	2
1563	1563	5
1564	668	1
1564	1564	1
1565	1565	1
1566	718	1
1566	1566	1
1567	1567	1
1568	528	3
1568	1088	1
1568	1568	3
1569	1167	1
1569	1569	2
1570	478	1
1570	1570	1
1571	1571	3
1572	54	1
1572	1261	1
1572	1337	1
1572	1572	10
1573	1137	3
1573	1467	3
1573	1573	3
1574	138	1
1574	1574	3
1574	1671	1
1575	548	4
1575	1575	4
1575	1670	1
1576	167	1
1576	691	1
1576	808	1
1576	1576	1
1577	1577	1
1578	1389	1
1578	1578	1
1578	1861	1
1579	1579	1
1580	1580	1
1581	1581	2
1582	1582	2
1583	1583	2
1584	1381	1
1584	1584	1
1585	743	1
1585	1585	2
1586	1586	1
1587	1587	1
1588	1588	1
1589	1589	1
1590	430	3
1590	467	1
1590	910	1
1590	1590	3
1591	906	3
1591	1591	3
1592	1592	3
1593	1593	1
1594	1594	2
1595	1595	1
1595	1728	1
1596	1596	1
1596	1597	1
1597	1596	1
1597	1597	1
1598	1598	1
1599	694	2
1599	1599	2
1600	1600	1
1601	2	1
1601	1601	1
1602	1602	1
1603	1603	1
1604	668	1
1604	1604	1
1605	1605	1
1606	1414	1
1606	1606	1
1607	1607	1
1608	357	1
1608	1608	1
1609	1609	1
1610	1610	1
1611	1414	1
1611	1611	1
1612	1612	1
1613	203	1
1613	1613	1
1613	1630	1
1614	1411	1
1614	1614	1
1615	59	2
1615	989	1
1615	1615	3
1616	1616	1
1617	1617	1
1618	1128	1
1618	1618	1
1619	1619	1
1620	1620	6
1621	381	2
1621	500	2
1621	1621	2
1622	1056	1
1622	1338	1
1622	1622	2
1622	1643	1
1623	1623	1
1624	874	1
1624	1624	1
1625	1625	1
1626	1626	1
1626	1745	1
1627	1252	1
1627	1627	1
1627	1766	1
1628	37	1
1628	148	2
1628	203	1
1628	870	2
1628	871	1
1628	949	1
1628	1628	2
1629	1629	1
1630	203	1
1630	1613	1
1630	1630	1
1631	1631	1
1632	1632	1
1633	420	1
1633	1633	1
1634	333	1
1634	1634	2
1635	1056	1
1635	1635	1
1636	1227	3
1636	1366	2
1636	1636	5
1637	1637	4
1638	548	1
1638	765	4
1638	937	8
1638	967	2
1638	1228	1
1638	1638	11
1638	1726	1
1639	1227	1
1639	1639	6
1640	1640	2
1640	1641	1
1641	1640	1
1641	1641	1
1642	773	2
1642	1448	2
1642	1642	2
1643	1622	1
1643	1643	1
1644	410	1
1644	1316	1
1644	1497	2
1644	1644	2
1645	1463	1
1645	1645	1
1646	1646	1
1647	1647	1
1648	1648	2
1648	1649	2
1649	1648	2
1649	1649	2
1650	76	1
1650	86	1
1650	549	1
1650	550	15
1650	864	4
1650	930	1
1650	953	1
1650	1000	1
1650	1650	15
1651	956	1
1651	981	1
1651	1651	2
1651	1672	1
1652	1033	2
1652	1054	1
1652	1145	1
1652	1652	3
1653	1653	1
1654	1654	1
1654	1655	1
1655	1654	1
1655	1655	3
1656	548	1
1656	1656	1
1657	1560	1
1657	1657	6
1658	692	2
1658	1658	3
1659	1659	2
1660	1040	2
1660	1558	2
1660	1660	2
1661	696	1
1661	1085	1
1661	1661	2
1662	1662	2
1663	674	1
1663	1663	4
1663	1666	1
1664	1664	4
1665	1665	2
1666	674	1
1666	1663	1
1666	1666	3
1667	150	2
1667	701	1
1667	720	2
1667	976	1
1667	1033	1
1667	1228	11
1667	1667	13
1668	1668	1
1668	1669	1
1669	1668	1
1669	1669	1
1670	548	2
1670	1575	1
1670	1670	2
1671	1574	1
1671	1671	2
1672	956	1
1672	1651	1
1672	1672	2
1673	1673	1
1674	1031	1
1674	1469	1
1674	1674	1
1675	1675	1
1676	17	1
1676	1676	3
1677	1131	1
1677	1495	1
1677	1677	2
1678	1678	1
1679	454	1
1679	1181	1
1679	1679	1
1680	703	1
1680	741	1
1680	1680	1
1681	123	1
1681	674	1
1681	1681	1
1682	787	1
1682	1179	1
1682	1199	1
1682	1385	3
1682	1682	3
1682	1879	1
1682	1903	1
1683	1056	1
1683	1683	1
1684	160	1
1684	679	1
1684	1684	3
1685	1685	1
1686	1686	2
1687	1687	1
1688	1688	1
1689	1689	2
1690	672	3
1690	1690	3
1691	200	1
1691	204	1
1691	1691	13
1691	1696	3
1692	1692	3
1693	548	1
1693	1693	3
1694	1694	1
1695	1695	1
1695	1696	1
1696	1691	3
1696	1695	1
1696	1696	6
1697	1697	4
1698	264	1
1698	890	1
1698	1698	1
1699	1699	1
1700	1700	3
1701	1265	1
1701	1701	1
1702	1702	1
1703	1703	2
1704	603	1
1704	1704	1
1705	1705	1
1705	1706	1
1706	1705	1
1706	1706	1
1707	1707	1
1708	1708	2
1709	203	2
1709	442	2
1709	1709	2
1710	1144	1
1710	1710	3
1711	1041	3
1711	1711	3
1711	1758	1
1712	1430	1
1712	1712	2
1713	671	2
1713	1713	2
1714	1714	2
1715	643	1
1715	1715	2
1716	1716	1
1717	72	2
1717	1717	2
1718	1265	2
1718	1718	2
1719	1506	3
1719	1719	3
1720	813	1
1720	1720	1
1721	1721	1
1722	1722	2
1722	1787	2
1723	378	1
1723	1723	1
1724	117	1
1724	1724	1
1724	1725	1
1725	117	1
1725	1724	1
1725	1725	1
1726	1228	1
1726	1638	1
1726	1726	1
1727	285	2
1727	1727	2
1728	1595	1
1728	1728	1
1729	1729	1
1730	378	2
1730	1730	2
1730	1804	1
1731	442	1
1731	1731	1
1732	1039	1
1732	1732	2
1733	1733	1
1734	232	1
1734	1734	1
1735	1735	2
1736	1736	3
1736	1761	1
1737	788	1
1737	1737	1
1738	1738	2
1739	1139	1
1739	1739	1
1740	1529	1
1740	1740	1
1740	1837	1
1741	990	1
1741	1741	1
1742	1742	1
1743	808	1
1743	1743	1
1744	1744	1
1745	1626	1
1745	1745	1
1746	202	3
1746	1746	3
1747	467	1
1747	1747	3
1748	576	1
1748	1748	1
1749	376	1
1749	1749	2
1750	528	1
1750	563	1
1750	1331	1
1750	1750	4
1751	1751	1
1752	1752	1
1753	793	1
1753	1258	1
1753	1753	1
1754	1754	1
1755	1224	1
1755	1755	1
1755	1862	1
1756	638	1
1756	1756	1
1757	974	1
1757	1757	1
1758	1041	1
1758	1711	1
1758	1758	1
1759	205	1
1759	932	1
1759	1759	1
1759	1799	1
1760	937	1
1760	1760	3
1761	1736	1
1761	1761	1
1762	608	1
1762	1762	1
1763	548	1
1763	1763	1
1764	1764	2
1765	869	1
1765	877	1
1765	1765	1
1765	1844	1
1766	1252	1
1766	1627	1
1766	1766	1
1767	1371	1
1767	1380	1
1767	1767	1
1768	1299	1
1768	1768	1
1769	1769	1
1770	93	1
1770	1770	1
1771	237	2
1771	422	1
1771	1771	2
1772	533	1
1772	611	1
1772	1772	2
1773	1412	2
1773	1773	2
1774	1088	1
1774	1089	1
1774	1774	1
1775	123	1
1775	674	1
1775	1775	1
1775	1852	1
1776	1776	3
1776	1786	1
1777	1777	1
1777	1778	1
1778	1777	1
1778	1778	2
1779	1779	1
1780	550	1
1780	1780	1
1781	1781	1
1781	1782	1
1782	1781	1
1782	1782	1
1783	1783	1
1783	1785	1
1784	1784	1
1785	1783	1
1785	1785	2
1786	1776	1
1786	1786	1
1787	1722	2
1787	1787	2
1788	1788	4
1789	1789	3
1790	1528	1
1790	1790	1
1791	99	1
1791	1791	1
1792	1792	1
1793	1109	3
1793	1793	3
1794	1794	1
1795	1090	2
1795	1795	3
1795	1796	1
1796	1795	1
1796	1796	1
1797	1797	1
1798	1798	2
1799	205	1
1799	932	1
1799	1759	1
1799	1799	1
1800	1800	2
1801	1801	2
1801	1802	2
1802	1801	2
1802	1802	2
1803	1803	1
1804	378	1
1804	1730	1
1804	1804	1
1805	295	1
1805	1805	1
1806	1806	1
1807	1807	1
1807	1808	1
1808	1807	1
1808	1808	1
1809	1228	1
1809	1809	1
1810	1402	2
1810	1810	2
1811	1811	1
1812	1812	1
1812	1813	1
1813	1812	1
1813	1813	1
1814	66	1
1814	1814	1
1815	528	1
1815	1815	1
1816	1816	1
1817	478	1
1817	1817	1
1818	1818	1
1819	269	1
1819	332	1
1819	1170	2
1819	1217	2
1819	1522	1
1819	1819	2
1820	1820	1
1821	1821	1
1822	924	1
1822	1822	1
1823	1823	1
1824	1824	1
1825	1825	1
1826	1826	2
1827	1827	2
1828	1014	2
1828	1015	2
1828	1828	2
1829	454	1
1829	1175	1
1829	1829	3
1830	1830	1
1831	1831	1
1832	1832	1
1833	1833	1
1834	491	1
1834	1834	1
1835	1496	1
1835	1835	1
1836	362	1
1836	1836	1
1837	1125	1
1837	1275	1
1837	1529	2
1837	1740	1
1837	1837	2
1838	1425	1
1838	1838	2
1839	1483	1
1839	1839	1
1840	1840	1
1841	619	1
1841	1408	1
1841	1841	1
1842	1842	1
1842	1843	1
1843	1842	1
1843	1843	1
1844	869	1
1844	877	1
1844	1765	1
1844	1844	1
1845	564	1
1845	1845	1
1846	641	1
1846	1846	1
1847	1847	1
1848	1848	1
1849	824	1
1849	1849	1
1850	707	1
1850	1226	1
1850	1358	1
1850	1436	1
1850	1850	1
1851	1851	1
1852	123	1
1852	674	1
1852	1775	1
1852	1852	1
1853	1853	1
1854	1854	1
1855	1855	1
1856	254	1
1856	919	1
1856	1856	1
1857	1857	1
1858	576	1
1858	1858	1
1859	1009	1
1859	1859	1
1860	1860	1
1861	1389	1
1861	1578	1
1861	1861	2
1862	1224	1
1862	1755	1
1862	1862	1
1863	1863	1
1864	1864	1
1865	792	1
1865	1865	1
1866	1866	1
1866	1867	1
1866	1868	1
1867	1866	1
1867	1867	1
1867	1868	1
1868	1866	1
1868	1867	1
1868	1868	1
1869	1869	1
1869	1870	1
1870	1869	1
1870	1870	1
1871	1871	1
1872	1142	1
1872	1872	1
1873	99	1
1873	808	1
1873	1873	1
1874	769	1
1874	771	1
1874	1874	1
1875	285	1
1875	1875	1
1876	1876	1
1877	1877	3
1878	1175	2
1878	1878	2
1879	1385	1
1879	1682	1
1879	1879	4
1880	1443	1
1880	1880	2
1881	1881	1
1882	1366	1
1882	1882	1
1883	454	1
1883	1185	1
1883	1883	2
1884	1175	2
1884	1884	2
1885	1056	1
1885	1073	2
1885	1439	1
1885	1885	2
1886	1886	5
1886	1887	4
1887	1886	4
1887	1887	4
1888	1888	2
1889	1889	1
1890	1890	1
1891	1891	1
1892	1892	1
1893	1893	2
1894	1894	1
1895	692	2
1895	843	2
1895	1426	2
1895	1895	2
1896	1896	1
1896	1898	1
1897	1897	2
1898	1896	1
1898	1898	1
1899	1899	1
1900	1900	1
1901	1021	1
1901	1901	1
1902	1902	2
1903	787	1
1903	1179	1
1903	1199	1
1903	1385	1
1903	1682	1
1903	1903	1
1904	1904	1
1905	1905	1
1906	1906	1
1907	1907	1
1908	1908	1
